00100000000010010000000000001000
00100000000010100000000000000000
00000000000000001000000000100000
00100000000100010000000000000001
10101101010100000000000000000000
10101101010100010000000000000001
00100001010010110000000000000010
00100000000011000000000000000010
00010001100010010000000000000111
00000010000100011001000000100000
10101101011100100000000000000000
00000010001000001000000000100000
00000010010000001000100000100000
00100001100011000000000000000001
00100001011010110000000000000001
00010000000000001111111111111000
00100100000000100000000000001010
00000000000000000000000000001100
